%YAML:1.0
---
imageWidth: 1280
imageHeight: 720
cameraMatrixLeft: !!opencv-matrix
   rows: 3
   cols: 3
   dt: d
   data: [ 699.40268130899824, 0., 668.57549352388764, 0.,
       699.39438845959126, 350.7312322782193, 0., 0., 1. ]
distCoeffsLeft: !!opencv-matrix
   rows: 1
   cols: 5
   dt: d
   data: [ -0.16535594846756804, 0.0074485030376534971,
       -0.00014414619323687222, -0.0004598423215124418,
       0.015251331294051937 ]
cameraMatrixRight: !!opencv-matrix
   rows: 3
   cols: 3
   dt: d
   data: [ 699.98365289827348, 0., 642.95764843227278, 0.,
       700.26995746999467, 347.84603929147346, 0., 0., 1. ]
distCoeffsRight: !!opencv-matrix
   rows: 1
   cols: 5
   dt: d
   data: [ -0.16348216906068097, -0.0070099872960127192,
       9.5956685489178137e-06, -0.00053358583445300989,
       0.029356985837212735 ]
R: !!opencv-matrix
   rows: 3
   cols: 3
   dt: d
   data: [ 0.99986020303971979, -0.00068261511412027846,
       0.016706538060782501, 0.00060135959234739974, 0.9999879692478546,
       0.0048682364560988199, -0.01670966020034793,
       -0.0048575092545225674, 0.99984858446658376 ]
T: !!opencv-matrix
   rows: 3
   cols: 1
   dt: d
   data: [ -120.11405885233479, -0.01767911748380992,
       0.010191156209211589 ]
E: !!opencv-matrix
   rows: 3
   cols: 3
   dt: d
   data: [ 0.00028928349625297371, -0.010105157125147762,
       -0.017726053548993263, -1.9968753771905559, -0.58346210911074337,
       120.09604197698197, -0.05455509546970639, -120.11262585789636,
       -0.58444828334581111 ]
F: !!opencv-matrix
   rows: 3
   cols: 3
   dt: d
   data: [ -5.7062405246735527e-10, 1.9933090396477362e-08,
       1.7845240842357091e-05, 3.9373115499018401e-06,
       1.1504470266675894e-06, -0.16865284686672297,
       -0.0012938845209290637, 0.16543419820467126, 1. ]
R1: !!opencv-matrix
   rows: 3
   cols: 3
   dt: d
   data: [ 0.99986169486430687, -0.0005350186585256129,
       0.016622421547747703, 0.00049460708203801656, 0.99999691266400004,
       0.0024351645329517019, -0.016623673087208961,
       -0.0024266061697724027, 0.99985887257931882 ]
R2: !!opencv-matrix
   rows: 3
   cols: 3
   dt: d
   data: [ 0.99999998556873659, 0.00014718607794590279,
       -8.4845655516116409e-05, -0.00014739190023251814,
       0.99999703434246667, -0.0024309631628170805,
       8.4487599959395172e-05, 0.0024309756332976007,
       0.99999704160528191 ]
P1: !!opencv-matrix
   rows: 3
   cols: 4
   dt: d
   data: [ 669.90015369541641, 0., 645.44378662109375, 0., 0.,
       669.90015369541641, 347.0967903137207, 0., 0., 0., 1., 0. ]
P2: !!opencv-matrix
   rows: 3
   cols: 4
   dt: d
   data: [ 669.90015369541641, 0., 645.44378662109375,
       -80464.427647362725, 0., 669.90015369541641, 347.0967903137207,
       0., 0., 0., 1., 0. ]
Q: !!opencv-matrix
   rows: 4
   cols: 4
   dt: d
   data: [ 1., 0., 0., -645.44378662109375, 0., 1., 0.,
       -347.0967903137207, 0., 0., 0., 669.90015369541641, 0., 0.,
       0.00832541998100415, 0. ]
