%YAML:1.0
---
imageWidth: 1280
imageHeight: 720
cameraMatrixLeft: !!opencv-matrix
   rows: 3
   cols: 3
   dt: d
   data: [ 699.40367387964193, 0., 668.59270505751181, 0.,
       699.42794136236591, 350.66970696733705, 0., 0., 1. ]
distCoeffsLeft: !!opencv-matrix
   rows: 1
   cols: 5
   dt: d
   data: [ -0.16518109876295864, 0.0106608276339365,
       -0.00011791513999614162, -0.00038503854526506095,
       0.010787666213626297 ]
cameraMatrixRight: !!opencv-matrix
   rows: 3
   cols: 3
   dt: d
   data: [ 698.31531224838807, 0., 642.8501204689494, 0.,
       699.30774297199764, 348.12078189501125, 0., 0., 1. ]
distCoeffsRight: !!opencv-matrix
   rows: 1
   cols: 5
   dt: d
   data: [ -0.16442291396023168, -0.0037101653834304927,
       -0.00034814885545897194, -0.00084372696836470303,
       0.024946490343938348 ]
R: !!opencv-matrix
   rows: 3
   cols: 3
   dt: d
   data: [ 0.99985338005296465, 0.00052486130094491499,
       -0.017115575283250431, -0.0005995316746109714,
       0.99999032469404159, -0.0043578756380071642, 0.01711312240454619,
       0.0043674980160234292, 0.99984402083657387 ]
T: !!opencv-matrix
   rows: 3
   cols: 1
   dt: d
   data: [ 126.51971085377559, -0.022050118973052181,
       0.58911780293431915 ]
E: !!opencv-matrix
   rows: 3
   cols: 3
   dt: d
   data: [ -6.8195334829986498e-05, 0.58901601136304249,
       0.024619650449461038, -2.7544890624461282, -0.55100397087444286,
       126.48989477004739, -0.08845218601966337, -126.51847351711855,
       -0.55295193252674346 ]
F: !!opencv-matrix
   rows: 3
   cols: 3
   dt: d
   data: [ 1.1605652114766974e-10, -1.0023673547121128e-06,
       0.00032211842259002947, 4.6810056202922901e-06,
       9.3634904178652298e-07, -0.15380056425011526,
       -0.0015245124449148096, 0.15066906358354978, 1. ]
R1: !!opencv-matrix
   rows: 3
   cols: 3
   dt: d
   data: [ 0.99992231392379738, 0.00037091339744516923,
       -0.012459074625764729, -0.00039809291405625431,
       0.99999754653169692, -0.0021790944491789726, 0.01245823580249455,
       0.0021838850332057537, 0.99992000830409 ]
R2: !!opencv-matrix
   rows: 3
   cols: 3
   dt: d
   data: [ 0.9999891442748956, -0.00017428019281930232,
       0.0046562816470145478, 0.00016412192261429189,
       0.99999760614140087, 0.0021819201318889962,
       -0.0046566507659959898, -0.0021811322476677059,
       0.99998677904548416 ]
P1: !!opencv-matrix
   rows: 3
   cols: 4
   dt: d
   data: [ 675.00744087640589, 0., 666.11138916015625, 0., 0.,
       675.00744087640589, 346.54474639892578, 0., 0., 0., 1., 0. ]
P2: !!opencv-matrix
   rows: 3
   cols: 4
   dt: d
   data: [ 675.00744087640589, 0., 666.11138916015625,
       85402.673351774967, 0., 675.00744087640589, 346.54474639892578,
       0., 0., 0., 1., 0. ]
Q: !!opencv-matrix
   rows: 4
   cols: 4
   dt: d
   data: [ 1., 0., 0., -666.11138916015625, 0., 1., 0.,
       -346.54474639892578, 0., 0., 0., 675.00744087640589, 0., 0.,
       -0.0079038209740348465, 0. ]
